[
          [
            78.3512748,
            17.4657451
          ],
          [
            78.3510846,
            17.4657651
          ],
          [
            78.3509334,
            17.4657379
          ],
          [
            78.3507466,
            17.4657386
          ],
          [
            78.3506349,
            17.4657632
          ],
          [
            78.3505723,
            17.4657709
          ],
          [
            78.3505445,
            17.4657756
          ],
          [
            78.3505317,
            17.4657902
          ],
          [
            78.3505317,
            17.4657902
          ],
          [
            78.3505285,
            17.465788
          ],
          [
            78.3505285,
            17.465788
          ],
          [
            78.3505254,
            17.465782
          ],
          [
            78.3505254,
            17.465782
          ],
          [
            78.3505195,
            17.4657744
          ],
          [
            78.3505195,
            17.4657744
          ],
          [
            78.3505143,
            17.4657506
          ],
          [
            78.3505143,
            17.4657506
          ],
          [
            78.350514,
            17.4657396
          ],
          [
            78.350514,
            17.4657396
          ],
          [
            78.3505125,
            17.4657316
          ],
          [
            78.3505125,
            17.4657316
          ],
          [
            78.3505144,
            17.4657088
          ],
          [
            78.3505144,
            17.4657088
          ],
          [
            78.3505158,
            17.4656818
          ],
          [
            78.3505158,
            17.4656818
          ],
          [
            78.3505123,
            17.4656435
          ],
          [
            78.3505123,
            17.4656435
          ],
          [
            78.3504957,
            17.4655523
          ],
          [
            78.3504957,
            17.4655523
          ],
          [
            78.3504847,
            17.4654873
          ],
          [
            78.3504847,
            17.4654873
          ],
          [
            78.3504831,
            17.46546
          ],
          [
            78.3504831,
            17.46546
          ],
          [
            78.3504845,
            17.4654349
          ],
          [
            78.3504845,
            17.4654349
          ],
          [
            78.3504878,
            17.4653909
          ],
          [
            78.3504878,
            17.4653909
          ],
          [
            78.3504906,
            17.4653594
          ],
          [
            78.3504906,
            17.4653594
          ],
          [
            78.3504916,
            17.4653426
          ],
          [
            78.3504916,
            17.4653426
          ],
          [
            78.3504918,
            17.465327
          ],
          [
            78.3504918,
            17.465327
          ],
          [
            78.3504897,
            17.465296
          ],
          [
            78.3504897,
            17.465296
          ],
          [
            78.3504858,
            17.4652657
          ],
          [
            78.3504858,
            17.4652657
          ],
          [
            78.3504797,
            17.4652341
          ],
          [
            78.3504797,
            17.4652341
          ],
          [
            78.3504727,
            17.465204
          ],
          [
            78.3504727,
            17.465204
          ],
          [
            78.3504636,
            17.4651645
          ],
          [
            78.3504636,
            17.4651645
          ],
          [
            78.3504512,
            17.4651084
          ],
          [
            78.3504512,
            17.4651084
          ],
          [
            78.3504351,
            17.465049
          ],
          [
            78.3504351,
            17.465049
          ],
          [
            78.3504188,
            17.4649861
          ],
          [
            78.3504188,
            17.4649861
          ],
          [
            78.3504141,
            17.4649605
          ],
          [
            78.3504141,
            17.4649605
          ],
          [
            78.350407,
            17.4649276
          ],
          [
            78.350407,
            17.4649276
          ],
          [
            78.3503954,
            17.464872
          ],
          [
            78.3503954,
            17.464872
          ],
          [
            78.3503846,
            17.4648318
          ],
          [
            78.3503846,
            17.4648318
          ],
          [
            78.3503761,
            17.4648007
          ],
          [
            78.3503761,
            17.4648007
          ],
          [
            78.3503679,
            17.4647718
          ],
          [
            78.3503679,
            17.4647718
          ],
          [
            78.350362,
            17.4647525
          ],
          [
            78.350362,
            17.4647525
          ],
          [
            78.3503553,
            17.4647375
          ],
          [
            78.3503553,
            17.4647375
          ],
          [
            78.3503483,
            17.4647214
          ],
          [
            78.3503483,
            17.4647214
          ],
          [
            78.3503415,
            17.4646961
          ],
          [
            78.3503415,
            17.4646961
          ],
          [
            78.3503352,
            17.4646623
          ],
          [
            78.3503352,
            17.4646623
          ],
          [
            78.3503291,
            17.4646279
          ],
          [
            78.3503291,
            17.4646279
          ],
          [
            78.3503196,
            17.4645832
          ],
          [
            78.3503196,
            17.4645832
          ],
          [
            78.3503109,
            17.4645403
          ],
          [
            78.3503109,
            17.4645403
          ],
          [
            78.3503052,
            17.4645129
          ],
          [
            78.3503052,
            17.4645129
          ],
          [
            78.3502943,
            17.4644545
          ],
          [
            78.3502943,
            17.4644545
          ],
          [
            78.3502912,
            17.4644111
          ],
          [
            78.3502912,
            17.4644111
          ],
          [
            78.3502935,
            17.4643792
          ],
          [
            78.3502935,
            17.4643792
          ],
          [
            78.3502955,
            17.4643544
          ],
          [
            78.3502955,
            17.4643544
          ],
          [
            78.3502989,
            17.4643374
          ],
          [
            78.3502989,
            17.4643374
          ],
          [
            78.3502985,
            17.4643197
          ],
          [
            78.3502985,
            17.4643197
          ],
          [
            78.3502946,
            17.4643068
          ],
          [
            78.3502946,
            17.4643068
          ],
          [
            78.350291,
            17.4642843
          ],
          [
            78.350291,
            17.4642843
          ],
          [
            78.3502866,
            17.4642584
          ],
          [
            78.3502866,
            17.4642584
          ],
          [
            78.3502819,
            17.4642284
          ],
          [
            78.3502819,
            17.4642284
          ],
          [
            78.3502776,
            17.4642016
          ],
          [
            78.3502776,
            17.4642016
          ],
          [
            78.3502772,
            17.4641824
          ],
          [
            78.3502772,
            17.4641824
          ],
          [
            78.3502842,
            17.4641685
          ],
          [
            78.3502842,
            17.4641685
          ],
          [
            78.3502854,
            17.4641522
          ],
          [
            78.3502854,
            17.4641522
          ],
          [
            78.3502794,
            17.4641352
          ],
          [
            78.3502794,
            17.4641352
          ],
          [
            78.3502727,
            17.4641128
          ],
          [
            78.3502727,
            17.4641128
          ],
          [
            78.3502636,
            17.4640828
          ],
          [
            78.3502636,
            17.4640828
          ],
          [
            78.3502561,
            17.4640462
          ],
          [
            78.3502561,
            17.4640462
          ],
          [
            78.3502482,
            17.4640045
          ],
          [
            78.3502482,
            17.4640045
          ],
          [
            78.3502409,
            17.4639646
          ],
          [
            78.3502409,
            17.4639646
          ],
          [
            78.3502351,
            17.4639344
          ],
          [
            78.3502351,
            17.4639344
          ],
          [
            78.3502303,
            17.4639131
          ],
          [
            78.3502303,
            17.4639131
          ],
          [
            78.3502266,
            17.4638962
          ],
          [
            78.3502266,
            17.4638962
          ],
          [
            78.3502228,
            17.4638796
          ],
          [
            78.3502228,
            17.4638796
          ],
          [
            78.350219,
            17.4638647
          ],
          [
            78.350219,
            17.4638647
          ],
          [
            78.3502101,
            17.4638434
          ],
          [
            78.3502101,
            17.4638434
          ],
          [
            78.3502036,
            17.4638142
          ],
          [
            78.3502036,
            17.4638142
          ],
          [
            78.3501971,
            17.4637798
          ],
          [
            78.3501971,
            17.4637798
          ],
          [
            78.350191,
            17.4637431
          ],
          [
            78.350191,
            17.4637431
          ],
          [
            78.350184,
            17.4636979
          ],
          [
            78.350184,
            17.4636979
          ],
          [
            78.3501776,
            17.4636507
          ],
          [
            78.3501776,
            17.4636507
          ],
          [
            78.3501709,
            17.4636015
          ],
          [
            78.3501709,
            17.4636015
          ],
          [
            78.3501651,
            17.4635519
          ],
          [
            78.3501651,
            17.4635519
          ],
          [
            78.3501577,
            17.4634842
          ],
          [
            78.3501577,
            17.4634842
          ],
          [
            78.3501478,
            17.4634158
          ],
          [
            78.3501478,
            17.4634158
          ],
          [
            78.3501371,
            17.4633462
          ],
          [
            78.3501371,
            17.4633462
          ],
          [
            78.3501266,
            17.463279
          ],
          [
            78.3501266,
            17.463279
          ],
          [
            78.350117,
            17.4632127
          ],
          [
            78.350117,
            17.4632127
          ],
          [
            78.3501108,
            17.4631507
          ],
          [
            78.3501108,
            17.4631507
          ],
          [
            78.3501038,
            17.4630865
          ],
          [
            78.3501038,
            17.4630865
          ],
          [
            78.3500935,
            17.4630201
          ],
          [
            78.3500935,
            17.4630201
          ],
          [
            78.3500777,
            17.4629515
          ],
          [
            78.3500777,
            17.4629515
          ],
          [
            78.3500662,
            17.4628863
          ],
          [
            78.3500662,
            17.4628863
          ],
          [
            78.3500562,
            17.4628262
          ],
          [
            78.3500562,
            17.4628262
          ],
          [
            78.3500436,
            17.4627763
          ],
          [
            78.3500436,
            17.4627763
          ],
          [
            78.3500345,
            17.4627358
          ],
          [
            78.3500345,
            17.4627358
          ],
          [
            78.3500319,
            17.4627199
          ],
          [
            78.3500319,
            17.4627199
          ],
          [
            78.3500296,
            17.4626976
          ],
          [
            78.3500296,
            17.4626976
          ],
          [
            78.3500268,
            17.4626753
          ],
          [
            78.3500268,
            17.4626753
          ],
          [
            78.3500231,
            17.4626543
          ],
          [
            78.3500231,
            17.4626543
          ],
          [
            78.3500216,
            17.4626375
          ],
          [
            78.3500216,
            17.4626375
          ],
          [
            78.350022,
            17.4626252
          ],
          [
            78.350022,
            17.4626252
          ],
          [
            78.3500222,
            17.462613
          ],
          [
            78.3500222,
            17.462613
          ],
          [
            78.3500233,
            17.4625967
          ],
          [
            78.3500233,
            17.4625967
          ],
          [
            78.3500258,
            17.4625887
          ],
          [
            78.3500258,
            17.4625887
          ],
          [
            78.3500336,
            17.4625706
          ],
          [
            78.3500336,
            17.4625706
          ],
          [
            78.3500581,
            17.4625449
          ],
          [
            78.3500581,
            17.4625449
          ],
          [
            78.3500998,
            17.4625202
          ],
          [
            78.3500998,
            17.4625202
          ],
          [
            78.3501512,
            17.4624923
          ],
          [
            78.3501512,
            17.4624923
          ],
          [
            78.3502118,
            17.462463
          ],
          [
            78.3502118,
            17.462463
          ],
          [
            78.3502811,
            17.4624337
          ],
          [
            78.3502811,
            17.4624337
          ],
          [
            78.3503599,
            17.4624026
          ],
          [
            78.3503599,
            17.4624026
          ],
          [
            78.3504456,
            17.4623693
          ],
          [
            78.3504456,
            17.4623693
          ],
          [
            78.3505416,
            17.4623321
          ],
          [
            78.3505416,
            17.4623321
          ],
          [
            78.3506452,
            17.4622918
          ],
          [
            78.3506452,
            17.4622918
          ],
          [
            78.3507495,
            17.4622506
          ],
          [
            78.3507495,
            17.4622506
          ],
          [
            78.3508595,
            17.4622045
          ],
          [
            78.3508595,
            17.4622045
          ],
          [
            78.3509741,
            17.4621568
          ],
          [
            78.3509741,
            17.4621568
          ],
          [
            78.3510897,
            17.4621088
          ],
          [
            78.3510897,
            17.4621088
          ],
          [
            78.3512051,
            17.4620606
          ],
          [
            78.3512051,
            17.4620606
          ],
          [
            78.3513232,
            17.4620087
          ],
          [
            78.3513232,
            17.4620087
          ],
          [
            78.3514414,
            17.4619531
          ],
          [
            78.3514414,
            17.4619531
          ],
          [
            78.3515551,
            17.4618955
          ],
          [
            78.3515551,
            17.4618955
          ],
          [
            78.3516689,
            17.46184
          ],
          [
            78.3516689,
            17.46184
          ],
          [
            78.3517744,
            17.461791
          ],
          [
            78.3517744,
            17.461791
          ],
          [
            78.3518799,
            17.461738
          ],
          [
            78.3518799,
            17.461738
          ],
          [
            78.3519859,
            17.4616811
          ],
          [
            78.3519859,
            17.4616811
          ],
          [
            78.3520946,
            17.4616234
          ],
          [
            78.3520946,
            17.4616234
          ],
          [
            78.3522083,
            17.4615636
          ],
          [
            78.3522083,
            17.4615636
          ],
          [
            78.3523234,
            17.4615039
          ],
          [
            78.3523234,
            17.4615039
          ],
          [
            78.3524339,
            17.461448
          ],
          [
            78.3524339,
            17.461448
          ],
          [
            78.3525423,
            17.4613904
          ],
          [
            78.3525423,
            17.4613904
          ],
          [
            78.352647,
            17.4613336
          ],
          [
            78.352647,
            17.4613336
          ],
          [
            78.3527524,
            17.4612772
          ],
          [
            78.3527524,
            17.4612772
          ],
          [
            78.3528552,
            17.4612236
          ],
          [
            78.3528552,
            17.4612236
          ],
          [
            78.3529536,
            17.4611711
          ],
          [
            78.3529536,
            17.4611711
          ],
          [
            78.353047,
            17.4611195
          ],
          [
            78.353047,
            17.4611195
          ],
          [
            78.3531392,
            17.461069
          ],
          [
            78.3531392,
            17.461069
          ],
          [
            78.3532294,
            17.4610194
          ],
          [
            78.3532294,
            17.4610194
          ],
          [
            78.3533171,
            17.460969
          ],
          [
            78.3533171,
            17.460969
          ],
          [
            78.3534024,
            17.4609194
          ],
          [
            78.3534024,
            17.4609194
          ],
          [
            78.3534911,
            17.4608702
          ],
          [
            78.3534911,
            17.4608702
          ],
          [
            78.3535808,
            17.4608218
          ],
          [
            78.3535808,
            17.4608218
          ],
          [
            78.3536714,
            17.4607725
          ],
          [
            78.3536714,
            17.4607725
          ],
          [
            78.3537595,
            17.4607244
          ],
          [
            78.3537595,
            17.4607244
          ],
          [
            78.3538484,
            17.4606754
          ],
          [
            78.3538484,
            17.4606754
          ],
          [
            78.3539391,
            17.4606245
          ],
          [
            78.3539391,
            17.4606245
          ],
          [
            78.3540309,
            17.4605763
          ],
          [
            78.3540309,
            17.4605763
          ],
          [
            78.3541137,
            17.4605362
          ],
          [
            78.3541137,
            17.4605362
          ],
          [
            78.3541931,
            17.4604971
          ],
          [
            78.3541931,
            17.4604971
          ],
          [
            78.3542739,
            17.4604547
          ],
          [
            78.3542739,
            17.4604547
          ],
          [
            78.3543566,
            17.4604061
          ],
          [
            78.3543566,
            17.4604061
          ],
          [
            78.3544361,
            17.4603587
          ],
          [
            78.3544361,
            17.4603587
          ],
          [
            78.3545145,
            17.4603122
          ],
          [
            78.3545145,
            17.4603122
          ],
          [
            78.3545908,
            17.4602684
          ],
          [
            78.3545908,
            17.4602684
          ],
          [
            78.3546683,
            17.4602265
          ],
          [
            78.3546683,
            17.4602265
          ],
          [
            78.3547541,
            17.4601836
          ],
          [
            78.3547541,
            17.4601836
          ],
          [
            78.3548437,
            17.46014
          ],
          [
            78.3548437,
            17.46014
          ],
          [
            78.3549321,
            17.4600966
          ],
          [
            78.3549321,
            17.4600966
          ],
          [
            78.3550225,
            17.460052
          ],
          [
            78.3550225,
            17.460052
          ],
          [
            78.3551147,
            17.4600074
          ],
          [
            78.3551147,
            17.4600074
          ],
          [
            78.3552105,
            17.4599628
          ],
          [
            78.3552105,
            17.4599628
          ],
          [
            78.3553167,
            17.4599126
          ],
          [
            78.3553167,
            17.4599126
          ],
          [
            78.3554227,
            17.4598615
          ],
          [
            78.3554227,
            17.4598615
          ],
          [
            78.3555444,
            17.4598051
          ],
          [
            78.3555444,
            17.4598051
          ],
          [
            78.3556697,
            17.4597486
          ],
          [
            78.3556697,
            17.4597486
          ],
          [
            78.3558031,
            17.4596878
          ],
          [
            78.3558031,
            17.4596878
          ],
          [
            78.3559404,
            17.4596246
          ],
          [
            78.3559404,
            17.4596246
          ],
          [
            78.3560791,
            17.4595598
          ],
          [
            78.3560791,
            17.4595598
          ],
          [
            78.3562243,
            17.45949
          ],
          [
            78.3562243,
            17.45949
          ],
          [
            78.3563726,
            17.4594185
          ],
          [
            78.3563726,
            17.4594185
          ],
          [
            78.3565286,
            17.4593434
          ],
          [
            78.3565286,
            17.4593434
          ],
          [
            78.3566822,
            17.4592688
          ],
          [
            78.3566822,
            17.4592688
          ],
          [
            78.3568423,
            17.4591902
          ],
          [
            78.3568423,
            17.4591902
          ],
          [
            78.3570003,
            17.4591082
          ],
          [
            78.3570003,
            17.4591082
          ],
          [
            78.3571597,
            17.4590229
          ],
          [
            78.3571597,
            17.4590229
          ],
          [
            78.3573133,
            17.4589407
          ],
          [
            78.3573133,
            17.4589407
          ],
          [
            78.3574665,
            17.4588562
          ],
          [
            78.3574665,
            17.4588562
          ],
          [
            78.3576129,
            17.4587749
          ],
          [
            78.3576129,
            17.4587749
          ],
          [
            78.3577573,
            17.458695
          ],
          [
            78.3577573,
            17.458695
          ],
          [
            78.3579012,
            17.4586168
          ],
          [
            78.3579012,
            17.4586168
          ],
          [
            78.3580542,
            17.458536
          ],
          [
            78.3580542,
            17.458536
          ],
          [
            78.3582116,
            17.458452
          ],
          [
            78.3582116,
            17.458452
          ],
          [
            78.3583751,
            17.4583605
          ],
          [
            78.3583751,
            17.4583605
          ],
          [
            78.3585364,
            17.4582678
          ],
          [
            78.3585364,
            17.4582678
          ],
          [
            78.3587042,
            17.4581716
          ],
          [
            78.3587042,
            17.4581716
          ],
          [
            78.3588747,
            17.4580744
          ],
          [
            78.3588747,
            17.4580744
          ],
          [
            78.359046,
            17.4579774
          ],
          [
            78.359046,
            17.4579774
          ],
          [
            78.3592178,
            17.4578801
          ],
          [
            78.3592178,
            17.4578801
          ],
          [
            78.3593872,
            17.4577837
          ],
          [
            78.3593872,
            17.4577837
          ],
          [
            78.3595506,
            17.4576887
          ],
          [
            78.3595506,
            17.4576887
          ],
          [
            78.3597154,
            17.4575963
          ],
          [
            78.3597154,
            17.4575963
          ],
          [
            78.3598798,
            17.4575042
          ],
          [
            78.3598798,
            17.4575042
          ],
          [
            78.3600354,
            17.4574175
          ],
          [
            78.3600354,
            17.4574175
          ],
          [
            78.3601804,
            17.4573369
          ],
          [
            78.3601804,
            17.4573369
          ],
          [
            78.3603139,
            17.4572645
          ],
          [
            78.3603139,
            17.4572645
          ],
          [
            78.3604368,
            17.4571975
          ],
          [
            78.3604368,
            17.4571975
          ],
          [
            78.3605406,
            17.4571415
          ],
          [
            78.3605406,
            17.4571415
          ],
          [
            78.3606295,
            17.4570958
          ],
          [
            78.3606295,
            17.4570958
          ],
          [
            78.360701,
            17.45706
          ],
          [
            78.360701,
            17.45706
          ],
          [
            78.3607619,
            17.457029
          ],
          [
            78.3607619,
            17.457029
          ],
          [
            78.3608148,
            17.4570009
          ],
          [
            78.3608148,
            17.4570009
          ],
          [
            78.3608597,
            17.4569771
          ],
          [
            78.3608597,
            17.4569771
          ],
          [
            78.3608901,
            17.456961
          ],
          [
            78.3608901,
            17.456961
          ],
          [
            78.3609088,
            17.4569501
          ],
          [
            78.3609088,
            17.4569501
          ],
          [
            78.3609124,
            17.4569463
          ],
          [
            78.3609124,
            17.4569463
          ],
          [
            78.360905,
            17.4569502
          ],
          [
            78.360905,
            17.4569502
          ],
          [
            78.3609043,
            17.4569276
          ],
          [
            78.3609043,
            17.4569276
          ],
          [
            78.3608946,
            17.4569082
          ],
          [
            78.3608946,
            17.4569082
          ],
          [
            78.3608659,
            17.4568861
          ],
          [
            78.3608659,
            17.4568861
          ],
          [
            78.3608294,
            17.4568899
          ],
          [
            78.3608294,
            17.4568899
          ],
          [
            78.3607811,
            17.4569126
          ],
          [
            78.3607811,
            17.4569126
          ],
          [
            78.3607364,
            17.456936
          ],
          [
            78.3607364,
            17.456936
          ],
          [
            78.3606778,
            17.456966
          ],
          [
            78.3606778,
            17.456966
          ],
          [
            78.3606129,
            17.4570033
          ],
          [
            78.3606129,
            17.4570033
          ],
          [
            78.3605407,
            17.4570449
          ],
          [
            78.3605407,
            17.4570449
          ],
          [
            78.3604583,
            17.4570927
          ],
          [
            78.3604583,
            17.4570927
          ],
          [
            78.3603741,
            17.4571417
          ],
          [
            78.3603741,
            17.4571417
          ],
          [
            78.3602863,
            17.4571921
          ],
          [
            78.3602863,
            17.4571921
          ],
          [
            78.3602025,
            17.4572427
          ],
          [
            78.3602025,
            17.4572427
          ],
          [
            78.360117,
            17.4572926
          ],
          [
            78.360117,
            17.4572926
          ],
          [
            78.3600264,
            17.4573415
          ],
          [
            78.3600264,
            17.4573415
          ],
          [
            78.3599333,
            17.4573918
          ],
          [
            78.3599333,
            17.4573918
          ],
          [
            78.3598354,
            17.4574456
          ],
          [
            78.3598354,
            17.4574456
          ],
          [
            78.3597348,
            17.4575023
          ],
          [
            78.3597348,
            17.4575023
          ],
          [
            78.3596341,
            17.4575587
          ],
          [
            78.3596341,
            17.4575587
          ],
          [
            78.3595321,
            17.457616
          ],
          [
            78.3595321,
            17.457616
          ],
          [
            78.3594289,
            17.4576742
          ],
          [
            78.3594289,
            17.4576742
          ],
          [
            78.3593258,
            17.4577328
          ],
          [
            78.3593258,
            17.4577328
          ],
          [
            78.359223,
            17.4577931
          ],
          [
            78.359223,
            17.4577931
          ],
          [
            78.3591184,
            17.457854
          ],
          [
            78.3591184,
            17.457854
          ],
          [
            78.3590064,
            17.4579169
          ],
          [
            78.3590064,
            17.4579169
          ],
          [
            78.3588966,
            17.4579784
          ],
          [
            78.3588966,
            17.4579784
          ],
          [
            78.358785,
            17.4580407
          ],
          [
            78.358785,
            17.4580407
          ],
          [
            78.3586776,
            17.4581012
          ],
          [
            78.3586776,
            17.4581012
          ],
          [
            78.3585709,
            17.4581619
          ],
          [
            78.3585709,
            17.4581619
          ],
          [
            78.3584692,
            17.4582198
          ],
          [
            78.3584692,
            17.4582198
          ],
          [
            78.3583682,
            17.4582765
          ],
          [
            78.3583682,
            17.4582765
          ],
          [
            78.3582697,
            17.4583313
          ],
          [
            78.3582697,
            17.4583313
          ],
          [
            78.3581691,
            17.4583844
          ],
          [
            78.3581691,
            17.4583844
          ],
          [
            78.3580704,
            17.4584384
          ],
          [
            78.3580704,
            17.4584384
          ],
          [
            78.3579728,
            17.4584922
          ],
          [
            78.3579728,
            17.4584922
          ],
          [
            78.3578729,
            17.4585473
          ],
          [
            78.3578729,
            17.4585473
          ],
          [
            78.3577768,
            17.4585995
          ],
          [
            78.3577768,
            17.4585995
          ],
          [
            78.3576771,
            17.4586538
          ],
          [
            78.3576771,
            17.4586538
          ],
          [
            78.3575796,
            17.458707
          ],
          [
            78.3575796,
            17.458707
          ],
          [
            78.3574812,
            17.4587604
          ],
          [
            78.3574812,
            17.4587604
          ],
          [
            78.3573834,
            17.4588136
          ],
          [
            78.3573834,
            17.4588136
          ],
          [
            78.3572826,
            17.458868
          ],
          [
            78.3572826,
            17.458868
          ],
          [
            78.3571782,
            17.4589236
          ],
          [
            78.3571782,
            17.4589236
          ],
          [
            78.3570711,
            17.4589792
          ],
          [
            78.3570711,
            17.4589792
          ],
          [
            78.3569676,
            17.4590334
          ],
          [
            78.3569676,
            17.4590334
          ],
          [
            78.3568711,
            17.459085
          ],
          [
            78.3568711,
            17.459085
          ],
          [
            78.3567832,
            17.4591334
          ],
          [
            78.3567832,
            17.4591334
          ],
          [
            78.3567025,
            17.4591768
          ],
          [
            78.3567025,
            17.4591768
          ],
          [
            78.3566334,
            17.4592117
          ],
          [
            78.3566334,
            17.4592117
          ],
          [
            78.356565,
            17.4592448
          ],
          [
            78.356565,
            17.4592448
          ],
          [
            78.3564852,
            17.4592818
          ],
          [
            78.3564852,
            17.4592818
          ],
          [
            78.3563912,
            17.4593197
          ],
          [
            78.3563912,
            17.4593197
          ],
          [
            78.3562847,
            17.4593592
          ],
          [
            78.3562847,
            17.4593592
          ],
          [
            78.3561735,
            17.4594031
          ],
          [
            78.3561735,
            17.4594031
          ],
          [
            78.3560601,
            17.4594581
          ],
          [
            78.3560601,
            17.4594581
          ],
          [
            78.3559447,
            17.4595241
          ],
          [
            78.3559447,
            17.4595241
          ],
          [
            78.3558261,
            17.4595902
          ],
          [
            78.3558261,
            17.4595902
          ],
          [
            78.3557063,
            17.459655
          ],
          [
            78.3557063,
            17.459655
          ],
          [
            78.3555914,
            17.4597145
          ],
          [
            78.3555914,
            17.4597145
          ],
          [
            78.3554818,
            17.4597713
          ],
          [
            78.3554818,
            17.4597713
          ],
          [
            78.3553798,
            17.4598229
          ],
          [
            78.3553798,
            17.4598229
          ],
          [
            78.3552796,
            17.4598695
          ],
          [
            78.3552796,
            17.4598695
          ],
          [
            78.3551873,
            17.4599078
          ],
          [
            78.3551873,
            17.4599078
          ],
          [
            78.3551146,
            17.4599385
          ],
          [
            78.3551146,
            17.4599385
          ],
          [
            78.3550603,
            17.4599642
          ],
          [
            78.3550603,
            17.4599642
          ],
          [
            78.3550192,
            17.4599869
          ],
          [
            78.3550192,
            17.4599869
          ],
          [
            78.3549998,
            17.4599998
          ],
          [
            78.3549998,
            17.4599998
          ],
          [
            78.3549821,
            17.4600098
          ],
          [
            78.3549821,
            17.4600098
          ],
          [
            78.3549533,
            17.4600242
          ],
          [
            78.3549533,
            17.4600242
          ],
          [
            78.3548999,
            17.4600484
          ],
          [
            78.3548999,
            17.4600484
          ],
          [
            78.3548341,
            17.4600778
          ],
          [
            78.3548341,
            17.4600778
          ],
          [
            78.3547661,
            17.4601092
          ],
          [
            78.3547661,
            17.4601092
          ],
          [
            78.3546965,
            17.4601425
          ],
          [
            78.3546965,
            17.4601425
          ],
          [
            78.3546294,
            17.4601782
          ],
          [
            78.3546294,
            17.4601782
          ],
          [
            78.3545718,
            17.4602121
          ],
          [
            78.3545718,
            17.4602121
          ],
          [
            78.3545181,
            17.4602443
          ],
          [
            78.3545181,
            17.4602443
          ],
          [
            78.3544651,
            17.4602755
          ],
          [
            78.3544651,
            17.4602755
          ],
          [
            78.354416,
            17.4603032
          ],
          [
            78.354416,
            17.4603032
          ],
          [
            78.3543717,
            17.4603268
          ],
          [
            78.3543717,
            17.4603268
          ],
          [
            78.3543331,
            17.4603436
          ],
          [
            78.3543331,
            17.4603436
          ],
          [
            78.3543009,
            17.4603537
          ],
          [
            78.3543009,
            17.4603537
          ],
          [
            78.3542657,
            17.4603633
          ],
          [
            78.3542657,
            17.4603633
          ],
          [
            78.3542247,
            17.4603792
          ],
          [
            78.3542247,
            17.4603792
          ],
          [
            78.3541694,
            17.4604066
          ],
          [
            78.3541694,
            17.4604066
          ],
          [
            78.3541075,
            17.4604416
          ],
          [
            78.3541075,
            17.4604416
          ],
          [
            78.3540381,
            17.460481
          ],
          [
            78.3540381,
            17.460481
          ],
          [
            78.3539617,
            17.4605219
          ],
          [
            78.3539617,
            17.4605219
          ],
          [
            78.3538816,
            17.460563
          ],
          [
            78.3538816,
            17.460563
          ],
          [
            78.3538052,
            17.4606026
          ],
          [
            78.3538052,
            17.4606026
          ],
          [
            78.3537334,
            17.4606398
          ],
          [
            78.3537334,
            17.4606398
          ],
          [
            78.3536759,
            17.4606708
          ],
          [
            78.3536759,
            17.4606708
          ],
          [
            78.353624,
            17.4606996
          ],
          [
            78.353624,
            17.4606996
          ],
          [
            78.3535741,
            17.4607286
          ],
          [
            78.3535741,
            17.4607286
          ],
          [
            78.3535211,
            17.4607617
          ],
          [
            78.3535211,
            17.4607617
          ],
          [
            78.3534614,
            17.4608011
          ],
          [
            78.3534614,
            17.4608011
          ],
          [
            78.3533944,
            17.4608449
          ],
          [
            78.3533944,
            17.4608449
          ],
          [
            78.3533233,
            17.460889
          ],
          [
            78.3533233,
            17.460889
          ],
          [
            78.3532485,
            17.460934
          ],
          [
            78.3532485,
            17.460934
          ],
          [
            78.3531708,
            17.4609778
          ],
          [
            78.3531708,
            17.4609778
          ],
          [
            78.3530966,
            17.4610175
          ],
          [
            78.3530966,
            17.4610175
          ],
          [
            78.3530208,
            17.4610582
          ],
          [
            78.3530208,
            17.4610582
          ],
          [
            78.3529402,
            17.4611013
          ],
          [
            78.3529402,
            17.4611013
          ],
          [
            78.3528547,
            17.4611467
          ],
          [
            78.3528547,
            17.4611467
          ],
          [
            78.3527706,
            17.4611913
          ],
          [
            78.3527706,
            17.4611913
          ],
          [
            78.3526858,
            17.4612364
          ],
          [
            78.3526858,
            17.4612364
          ],
          [
            78.3526067,
            17.4612787
          ],
          [
            78.3526067,
            17.4612787
          ],
          [
            78.3525267,
            17.4613196
          ],
          [
            78.3525267,
            17.4613196
          ],
          [
            78.3524478,
            17.4613578
          ],
          [
            78.3524478,
            17.4613578
          ],
          [
            78.352368,
            17.4613969
          ],
          [
            78.352368,
            17.4613969
          ],
          [
            78.3522892,
            17.4614376
          ],
          [
            78.3522892,
            17.4614376
          ],
          [
            78.3522118,
            17.4614791
          ],
          [
            78.3522118,
            17.4614791
          ],
          [
            78.3521366,
            17.4615181
          ],
          [
            78.3521366,
            17.4615181
          ],
          [
            78.3520605,
            17.4615573
          ],
          [
            78.3520605,
            17.4615573
          ],
          [
            78.3519807,
            17.4615943
          ],
          [
            78.3519807,
            17.4615943
          ],
          [
            78.3519001,
            17.4616289
          ],
          [
            78.3519001,
            17.4616289
          ],
          [
            78.3518232,
            17.4616614
          ],
          [
            78.3518232,
            17.4616614
          ],
          [
            78.3517493,
            17.4616944
          ],
          [
            78.3517493,
            17.4616944
          ],
          [
            78.3516795,
            17.4617292
          ],
          [
            78.3516795,
            17.4617292
          ],
          [
            78.3516118,
            17.4617648
          ],
          [
            78.3516118,
            17.4617648
          ],
          [
            78.3515447,
            17.4617998
          ],
          [
            78.3515447,
            17.4617998
          ],
          [
            78.3514804,
            17.4618336
          ],
          [
            78.3514804,
            17.4618336
          ],
          [
            78.3514155,
            17.4618672
          ],
          [
            78.3514155,
            17.4618672
          ],
          [
            78.3513519,
            17.4618999
          ],
          [
            78.3513519,
            17.4618999
          ],
          [
            78.3512807,
            17.4619348
          ],
          [
            78.3512807,
            17.4619348
          ],
          [
            78.3512024,
            17.4619717
          ],
          [
            78.3512024,
            17.4619717
          ],
          [
            78.3511206,
            17.4620097
          ],
          [
            78.3511206,
            17.4620097
          ],
          [
            78.3510358,
            17.4620472
          ],
          [
            78.3510358,
            17.4620472
          ],
          [
            78.3509484,
            17.4620843
          ],
          [
            78.3509484,
            17.4620843
          ],
          [
            78.3508598,
            17.4621212
          ],
          [
            78.3508598,
            17.4621212
          ],
          [
            78.3507708,
            17.4621553
          ],
          [
            78.3507708,
            17.4621553
          ],
          [
            78.3506793,
            17.4621904
          ],
          [
            78.3506793,
            17.4621904
          ],
          [
            78.350584,
            17.4622259
          ],
          [
            78.350584,
            17.4622259
          ],
          [
            78.3504887,
            17.4622617
          ],
          [
            78.3504887,
            17.4622617
          ],
          [
            78.3503909,
            17.4622992
          ],
          [
            78.3503909,
            17.4622992
          ],
          [
            78.3502927,
            17.4623379
          ],
          [
            78.3502927,
            17.4623379
          ],
          [
            78.3501914,
            17.4623764
          ],
          [
            78.3501914,
            17.4623764
          ],
          [
            78.3500933,
            17.4624142
          ],
          [
            78.3500933,
            17.4624142
          ],
          [
            78.350002,
            17.4624507
          ],
          [
            78.350002,
            17.4624507
          ],
          [
            78.3499186,
            17.4624837
          ],
          [
            78.3499186,
            17.4624837
          ],
          [
            78.349845,
            17.462513
          ],
          [
            78.349845,
            17.462513
          ],
          [
            78.349788,
            17.4625368
          ],
          [
            78.349788,
            17.4625368
          ],
          [
            78.3497568,
            17.4625555
          ],
          [
            78.3497568,
            17.4625555
          ],
          [
            78.3497536,
            17.4625716
          ],
          [
            78.3497536,
            17.4625716
          ],
          [
            78.349762,
            17.4625856
          ],
          [
            78.349762,
            17.4625856
          ],
          [
            78.3497741,
            17.4626008
          ],
          [
            78.3497741,
            17.4626008
          ],
          [
            78.3497905,
            17.4626185
          ],
          [
            78.3497905,
            17.4626185
          ],
          [
            78.3498172,
            17.4626259
          ],
          [
            78.3498172,
            17.4626259
          ],
          [
            78.3498509,
            17.462629
          ],
          [
            78.3498509,
            17.462629
          ],
          [
            78.349866,
            17.4626283
          ],
          [
            78.349866,
            17.4626283
          ],
          [
            78.3498837,
            17.4626261
          ],
          [
            78.3498837,
            17.4626261
          ],
          [
            78.3499173,
            17.4626206
          ],
          [
            78.3499173,
            17.4626206
          ],
          [
            78.3499529,
            17.4626147
          ],
          [
            78.3499529,
            17.4626147
          ],
          [
            78.3499824,
            17.462612
          ],
          [
            78.3499824,
            17.462612
          ],
          [
            78.3500007,
            17.4626124
          ],
          [
            78.3500007,
            17.4626124
          ],
          [
            78.3500134,
            17.462617
          ],
          [
            78.3500134,
            17.462617
          ],
          [
            78.3500177,
            17.4626291
          ],
          [
            78.3500177,
            17.4626291
          ],
          [
            78.3500217,
            17.4626431
          ],
          [
            78.3500217,
            17.4626431
          ],
          [
            78.3500224,
            17.462651
          ],
          [
            78.3500224,
            17.462651
          ],
          [
            78.3500232,
            17.4626579
          ],
          [
            78.3500232,
            17.4626579
          ],
          [
            78.350025,
            17.4626727
          ],
          [
            78.350025,
            17.4626727
          ],
          [
            78.3500281,
            17.4626938
          ],
          [
            78.3500281,
            17.4626938
          ],
          [
            78.3500315,
            17.4627138
          ],
          [
            78.3500315,
            17.4627138
          ],
          [
            78.3500356,
            17.4627409
          ],
          [
            78.3500356,
            17.4627409
          ],
          [
            78.3500413,
            17.462774
          ],
          [
            78.3500413,
            17.462774
          ],
          [
            78.3500518,
            17.4628229
          ],
          [
            78.3500518,
            17.4628229
          ],
          [
            78.3500658,
            17.462875
          ],
          [
            78.3500658,
            17.462875
          ],
          [
            78.3500781,
            17.4629353
          ],
          [
            78.3500781,
            17.4629353
          ],
          [
            78.3500886,
            17.4630094
          ],
          [
            78.3500886,
            17.4630094
          ],
          [
            78.350099,
            17.4630864
          ],
          [
            78.350099,
            17.4630864
          ],
          [
            78.35011,
            17.4631626
          ],
          [
            78.35011,
            17.4631626
          ],
          [
            78.3501196,
            17.463236
          ],
          [
            78.3501196,
            17.463236
          ],
          [
            78.3501308,
            17.4633046
          ],
          [
            78.3501308,
            17.4633046
          ],
          [
            78.3501425,
            17.4633731
          ],
          [
            78.3501425,
            17.4633731
          ],
          [
            78.3501524,
            17.4634397
          ],
          [
            78.3501524,
            17.4634397
          ],
          [
            78.3501646,
            17.463512
          ],
          [
            78.3501646,
            17.463512
          ],
          [
            78.3501782,
            17.4635851
          ],
          [
            78.3501782,
            17.4635851
          ],
          [
            78.3501909,
            17.463656
          ],
          [
            78.3501909,
            17.463656
          ],
          [
            78.3502024,
            17.463722
          ],
          [
            78.3502024,
            17.463722
          ],
          [
            78.3502136,
            17.4637858
          ],
          [
            78.3502136,
            17.4637858
          ],
          [
            78.3502233,
            17.4638409
          ],
          [
            78.3502233,
            17.4638409
          ],
          [
            78.3502302,
            17.4638866
          ],
          [
            78.3502302,
            17.4638866
          ],
          [
            78.3502339,
            17.463904
          ],
          [
            78.3502339,
            17.463904
          ],
          [
            78.3502372,
            17.4639155
          ],
          [
            78.3502372,
            17.4639155
          ],
          [
            78.3502397,
            17.4639225
          ],
          [
            78.3502397,
            17.4639225
          ],
          [
            78.3502431,
            17.4639369
          ],
          [
            78.3502431,
            17.4639369
          ],
          [
            78.3502532,
            17.4639602
          ],
          [
            78.3502532,
            17.4639602
          ],
          [
            78.3502634,
            17.4639932
          ],
          [
            78.3502634,
            17.4639932
          ],
          [
            78.3502713,
            17.4640198
          ],
          [
            78.3502713,
            17.4640198
          ],
          [
            78.3502757,
            17.4640442
          ],
          [
            78.3502757,
            17.4640442
          ],
          [
            78.3502833,
            17.4640977
          ],
          [
            78.3502833,
            17.4640977
          ],
          [
            78.3502835,
            17.464148
          ],
          [
            78.3502835,
            17.464148
          ],
          [
            78.3502788,
            17.4641809
          ],
          [
            78.3502788,
            17.4641809
          ],
          [
            78.3502768,
            17.4642044
          ],
          [
            78.3502768,
            17.4642044
          ],
          [
            78.3502752,
            17.4642105
          ],
          [
            78.3502752,
            17.4642105
          ],
          [
            78.3502742,
            17.4642233
          ],
          [
            78.3502742,
            17.4642233
          ],
          [
            78.3502729,
            17.4642388
          ],
          [
            78.3502729,
            17.4642388
          ],
          [
            78.3502692,
            17.4642568
          ],
          [
            78.3502692,
            17.4642568
          ],
          [
            78.3502686,
            17.4642674
          ],
          [
            78.3502686,
            17.4642674
          ],
          [
            78.3502688,
            17.4642802
          ],
          [
            78.3502688,
            17.4642802
          ],
          [
            78.3502696,
            17.4643051
          ],
          [
            78.3502696,
            17.4643051
          ],
          [
            78.3502705,
            17.4643284
          ],
          [
            78.3502705,
            17.4643284
          ],
          [
            78.3502721,
            17.4643367
          ],
          [
            78.3502721,
            17.4643367
          ],
          [
            78.3502737,
            17.4643503
          ],
          [
            78.3502737,
            17.4643503
          ],
          [
            78.3502762,
            17.464369
          ],
          [
            78.3502762,
            17.464369
          ],
          [
            78.3502769,
            17.4643897
          ],
          [
            78.3502769,
            17.4643897
          ],
          [
            78.3502772,
            17.4644171
          ],
          [
            78.3502772,
            17.4644171
          ],
          [
            78.3502778,
            17.4644439
          ],
          [
            78.3502778,
            17.4644439
          ],
          [
            78.3502783,
            17.4644674
          ],
          [
            78.3502783,
            17.4644674
          ],
          [
            78.350281,
            17.464505
          ],
          [
            78.350281,
            17.464505
          ],
          [
            78.3502841,
            17.4645488
          ],
          [
            78.3502841,
            17.4645488
          ],
          [
            78.3502858,
            17.4645943
          ],
          [
            78.3502858,
            17.4645943
          ],
          [
            78.3502905,
            17.4646518
          ],
          [
            78.3502905,
            17.4646518
          ],
          [
            78.3502986,
            17.4646959
          ],
          [
            78.3502986,
            17.4646959
          ],
          [
            78.3503077,
            17.4647187
          ],
          [
            78.3503077,
            17.4647187
          ],
          [
            78.3503157,
            17.4647366
          ],
          [
            78.3503157,
            17.4647366
          ],
          [
            78.3503212,
            17.4647553
          ],
          [
            78.3503212,
            17.4647553
          ],
          [
            78.3503281,
            17.4647843
          ],
          [
            78.3503281,
            17.4647843
          ],
          [
            78.3503341,
            17.4648162
          ],
          [
            78.3503341,
            17.4648162
          ],
          [
            78.3503363,
            17.464834
          ],
          [
            78.3503363,
            17.464834
          ],
          [
            78.3503385,
            17.4648512
          ],
          [
            78.3503385,
            17.4648512
          ],
          [
            78.350342,
            17.4648889
          ],
          [
            78.350342,
            17.4648889
          ],
          [
            78.3503464,
            17.4649353
          ],
          [
            78.3503464,
            17.4649353
          ],
          [
            78.3503506,
            17.4649768
          ],
          [
            78.3503506,
            17.4649768
          ],
          [
            78.3503553,
            17.465026
          ],
          [
            78.3503553,
            17.465026
          ],
          [
            78.3503648,
            17.4650625
          ],
          [
            78.3503648,
            17.4650625
          ],
          [
            78.3503664,
            17.4650743
          ],
          [
            78.3503664,
            17.4650743
          ],
          [
            78.3503684,
            17.465084
          ],
          [
            78.3503684,
            17.465084
          ],
          [
            78.3503687,
            17.4650946
          ],
          [
            78.3503687,
            17.4650946
          ],
          [
            78.350372,
            17.4651034
          ],
          [
            78.350372,
            17.4651034
          ],
          [
            78.350372,
            17.4651034
          ],
          [
            78.350372,
            17.4651034
          ],
          [
            78.3503866,
            17.4652152
          ],
          [
            78.3503866,
            17.4652152
          ],
          [
            78.3503926,
            17.4652461
          ],
          [
            78.3503926,
            17.4652461
          ],
          [
            78.3504101,
            17.4653598
          ],
          [
            78.3504101,
            17.4653598
          ],
          [
            78.3504327,
            17.4654586
          ],
          [
            78.3504327,
            17.4654586
          ],
          [
            78.3504554,
            17.4655192
          ],
          [
            78.3504554,
            17.4655192
          ],
          [
            78.3504767,
            17.4655726
          ],
          [
            78.3504767,
            17.4655726
          ],
          [
            78.3504967,
            17.4656191
          ],
          [
            78.3504967,
            17.4656191
          ],
          [
            78.3505136,
            17.4656572
          ],
          [
            78.3505136,
            17.4656572
          ],
          [
            78.3505185,
            17.4656676
          ],
          [
            78.3505185,
            17.4656676
          ],
          [
            78.3505281,
            17.4656868
          ],
          [
            78.3505281,
            17.4656868
          ],
          [
            78.3505397,
            17.4657108
          ],
          [
            78.3505397,
            17.4657108
          ],
          [
            78.3505465,
            17.4657285
          ],
          [
            78.3505465,
            17.4657285
          ],
          [
            78.3505539,
            17.4657517
          ],
          [
            78.3505539,
            17.4657517
          ],
          [
            78.3505639,
            17.4657737
          ],
          [
            78.3505639,
            17.4657737
          ],
          [
            78.3505784,
            17.4657924
          ],
          [
            78.3505784,
            17.4657924
          ],
          [
            78.3506034,
            17.4658023
          ],
          [
            78.3506034,
            17.4658023
          ],
          [
            78.3506389,
            17.4658023
          ],
          [
            78.3506389,
            17.4658023
          ],
          [
            78.3506869,
            17.4657913
          ],
          [
            78.3506869,
            17.4657913
          ],
          [
            78.3507427,
            17.4657752
          ],
          [
            78.3507427,
            17.4657752
          ],
          [
            78.3508045,
            17.4657542
          ],
          [
            78.3508045,
            17.4657542
          ],
          [
            78.3508726,
            17.4657304
          ],
          [
            78.3508726,
            17.4657304
          ],
          [
            78.3509296,
            17.4657109
          ],
          [
            78.3509296,
            17.4657109
          ],
          [
            78.3509483,
            17.4657053
          ],
          [
            78.3509483,
            17.4657053
          ],
          [
            78.3509639,
            17.4656987
          ],
          [
            78.3509639,
            17.4656987
          ],
          [
            78.3509878,
            17.4656875
          ],
          [
            78.3509878,
            17.4656875
          ],
          [
            78.3510105,
            17.4656715
          ],
          [
            78.3510105,
            17.4656715
          ],
          [
            78.3510417,
            17.4656548
          ],
          [
            78.3510417,
            17.4656548
          ],
          [
            78.351079,
            17.4656424
          ],
          [
            78.351079,
            17.4656424
          ],
          [
            78.3511061,
            17.4656325
          ],
          [
            78.3511061,
            17.4656325
          ],
          [
            78.3511193,
            17.4656285
          ],
          [
            78.3511193,
            17.4656285
          ],
          [
            78.3511209,
            17.4656289
          ],
          [
            78.3511209,
            17.4656289
          ],
          [
            78.3511216,
            17.4656292
          ],
          [
            78.3511216,
            17.4656292
          ],
          [
            78.3511264,
            17.4656316
          ],
          [
            78.3511264,
            17.4656316
          ],
          [
            78.3511359,
            17.4656337
          ],
          [
            78.3511359,
            17.4656337
          ],
          [
            78.3511452,
            17.465636
          ],
          [
            78.3511452,
            17.465636
          ],
          [
            78.3511601,
            17.4656371
          ],
          [
            78.3511601,
            17.4656371
          ],
          [
            78.3512197,
            17.465708
          ],
          [
            78.3512197,
            17.465708
          ],
          [
            78.3512186,
            17.4657111
          ],
          [
            78.3512186,
            17.4657111
          ],
          [
            78.3512571,
            17.4657062
          ],
          [
            78.3512571,
            17.4657062
          ],
          [
            78.3511868,
            17.4657144
          ],
          [
            78.3511868,
            17.4657144
          ],
          [
            78.3511904,
            17.4656979
          ],
          [
            78.3511904,
            17.4656979
          ],
          [
            78.3512375,
            17.4656868
          ],
          [
            78.3512375,
            17.4656868
          ],
          [
            78.3512355,
            17.4656794
          ],
          [
            78.3512355,
            17.4656794
          ],
          [
            78.3512329,
            17.4656663
          ],
          [
            78.3512329,
            17.4656663
          ],
          [
            78.3512488,
            17.4656801
          ],
          [
            78.3512488,
            17.4656801
          ],
          [
            78.3511727,
            17.4656827
          ],
          [
            78.3511727,
            17.4656827
          ],
          [
            78.3512296,
            17.4658134
          ],
          [
            78.3512296,
            17.4658134
          ],
          [
            78.3512417,
            17.4657842
          ],
          [
            78.3512417,
            17.4657842
          ],
          [
            78.351258,
            17.4657419
          ],
          [
            78.351258,
            17.4657419
          ],
          [
            78.3512593,
            17.4657349
          ],
          [
            78.3512593,
            17.4657349
          ],
          [
            78.3512581,
            17.4657369
          ],
          [
            78.3512581,
            17.4657369
          ],
          [
            78.3512576,
            17.4657377
          ],
          [
            78.3512576,
            17.4657377
          ],
          [
            78.3512578,
            17.4657364
          ],
          [
            78.3512578,
            17.4657364
          ],
          [
            78.3512626,
            17.4657357
          ],
          [
            78.3512626,
            17.4657357
          ],
          [
            78.3512617,
            17.4657383
          ],
          [
            78.3512617,
            17.4657383
          ],
          [
            78.3512609,
            17.465739
          ],
          [
            78.3512609,
            17.465739
          ],
          [
            78.3512626,
            17.4657398
          ],
          [
            78.3512626,
            17.4657398
          ],
          [
            78.3512638,
            17.465742
          ],
          [
            78.3512638,
            17.465742
          ],
          [
            78.3512636,
            17.4657425
          ],
          [
            78.3512636,
            17.4657425
          ],
          [
            78.3512636,
            17.4657425
          ],
          [
            78.3512636,
            17.4657425
          ],
          [
            78.3512612,
            17.4657465
          ],
          [
            78.3512612,
            17.4657465
          ],
          [
            78.3512669,
            17.4657104
          ],
          [
            78.3512669,
            17.4657104
          ],
          [
            78.3512732,
            17.4656969
          ],
          [
            78.3512732,
            17.4656969
          ],
          [
            78.3512765,
            17.4657143
          ],
          [
            78.3512765,
            17.4657143
          ],
          [
            78.3512807,
            17.4657251
          ],
          [
            78.3512807,
            17.4657251
          ],
          [
            78.3512834,
            17.4657324
          ],
          [
            78.3512834,
            17.4657324
          ],
          [
            78.3512854,
            17.4657377
          ],
          [
            78.3512854,
            17.4657377
          ],
          [
            78.351282,
            17.465719
          ],
          [
            78.351282,
            17.465719
          ],
          [
            78.3512811,
            17.4657146
          ],
          [
            78.3512811,
            17.4657146
          ],
          [
            78.3512797,
            17.4657122
          ],
          [
            78.3512797,
            17.4657122
          ],
          [
            78.3512782,
            17.4657119
          ],
          [
            78.3512782,
            17.4657119
          ],
          [
            78.3512771,
            17.4657121
          ],
          [
            78.3512771,
            17.4657121
          ],
          [
            78.3512743,
            17.4657137
          ],
          [
            78.3512743,
            17.4657137
          ],
          [
            78.3512738,
            17.4657153
          ],
          [
            78.3512738,
            17.4657153
          ],
          [
            78.3512722,
            17.4657187
          ],
          [
            78.3512722,
            17.4657187
          ],
          [
            78.3512735,
            17.4657175
          ],
          [
            78.3512735,
            17.4657175
          ],
          [
            78.3512734,
            17.4657156
          ],
          [
            78.3512734,
            17.4657156
          ],
          [
            78.351272,
            17.4657148
          ],
          [
            78.351272,
            17.4657148
          ],
          [
            78.3512704,
            17.4657145
          ],
          [
            78.3512704,
            17.4657145
          ],
          [
            78.3512679,
            17.4657151
          ],
          [
            78.3512679,
            17.4657151
          ],
          [
            78.3512653,
            17.4657158
          ],
          [
            78.3512653,
            17.4657158
          ],
          [
            78.3512593,
            17.4657203
          ],
          [
            78.3512593,
            17.4657203
          ],
          [
            78.3512622,
            17.4657178
          ],
          [
            78.3512622,
            17.4657178
          ],
          [
            78.3512659,
            17.4657144
          ],
          [
            78.3512659,
            17.4657144
          ],
          [
            78.3512669,
            17.465713
          ],
          [
            78.3512669,
            17.465713
          ],
          [
            78.3512684,
            17.4657106
          ],
          [
            78.3512684,
            17.4657106
          ],
          [
            78.3512685,
            17.4657099
          ],
          [
            78.3512685,
            17.4657099
          ],
          [
            78.3512675,
            17.4657093
          ],
          [
            78.3512675,
            17.4657093
          ],
          [
            78.3512673,
            17.4657097
          ],
          [
            78.3512673,
            17.4657097
          ],
          [
            78.3512665,
            17.4657099
          ],
          [
            78.3512665,
            17.4657099
          ],
          [
            78.3512622,
            17.4657113
          ],
          [
            78.3512622,
            17.4657113
          ],
          [
            78.3512601,
            17.465712
          ],
          [
            78.3512601,
            17.465712
          ],
          [
            78.3512598,
            17.4657129
          ],
          [
            78.3512598,
            17.4657129
          ],
          [
            78.3512601,
            17.4657137
          ],
          [
            78.3512601,
            17.4657137
          ],
          [
            78.3512607,
            17.4657137
          ],
          [
            78.3512607,
            17.4657137
          ],
          [
            78.3512614,
            17.4657137
          ],
          [
            78.3512614,
            17.4657137
          ],
          [
            78.35126,
            17.4657147
          ],
          [
            78.35126,
            17.4657147
          ],
          [
            78.3512585,
            17.4657155
          ],
          [
            78.3512585,
            17.4657155
          ],
          [
            78.351257,
            17.4657162
          ],
          [
            78.351257,
            17.4657162
          ],
          [
            78.3512575,
            17.4657158
          ],
          [
            78.3512575,
            17.4657158
          ],
          [
            78.3512577,
            17.4657159
          ],
          [
            78.3512577,
            17.4657159
          ],
          [
            78.351258,
            17.4657162
          ],
          [
            78.351258,
            17.4657162
          ],
          [
            78.3512589,
            17.4657166
          ],
          [
            78.3512589,
            17.4657166
          ],
          [
            78.3512602,
            17.4657158
          ],
          [
            78.3512602,
            17.4657158
          ],
          [
            78.3512612,
            17.4657152
          ],
          [
            78.3512612,
            17.4657152
          ],
          [
            78.3512621,
            17.4657148
          ],
          [
            78.3512621,
            17.4657148
          ],
          [
            78.3512637,
            17.4657144
          ],
          [
            78.3512637,
            17.4657144
          ],
          [
            78.3512647,
            17.4657141
          ],
          [
            78.3512647,
            17.4657141
          ],
          [
            78.351266,
            17.4657135
          ],
          [
            78.351266,
            17.4657135
          ],
          [
            78.3512678,
            17.4657126
          ],
          [
            78.3512678,
            17.4657126
          ],
          [
            78.3512681,
            17.4657126
          ],
          [
            78.3512681,
            17.4657126
          ],
          [
            78.3512683,
            17.4657123
          ],
          [
            78.3512683,
            17.4657123
          ],
          [
            78.3512686,
            17.4657117
          ],
          [
            78.3512686,
            17.4657117
          ],
          [
            78.351269,
            17.4657114
          ],
          [
            78.351269,
            17.4657114
          ],
          [
            78.3512693,
            17.4657107
          ],
          [
            78.3512693,
            17.4657107
          ],
          [
            78.3512693,
            17.4657102
          ],
          [
            78.3512693,
            17.4657102
          ],
          [
            78.3512693,
            17.46571
          ],
          [
            78.3512693,
            17.46571
          ],
          [
            78.3512697,
            17.4657093
          ],
          [
            78.3512697,
            17.4657093
          ],
          [
            78.3512707,
            17.4657086
          ],
          [
            78.3512707,
            17.4657086
          ],
          [
            78.3512714,
            17.4657082
          ],
          [
            78.3512714,
            17.4657082
          ],
          [
            78.3512723,
            17.4657078
          ],
          [
            78.3512723,
            17.4657078
          ],
          [
            78.3512729,
            17.4657078
          ],
          [
            78.3512729,
            17.4657078
          ],
          [
            78.3512739,
            17.4657072
          ],
          [
            78.3512739,
            17.4657072
          ],
          [
            78.3512762,
            17.4657059
          ],
          [
            78.3512762,
            17.4657059
          ],
          [
            78.3512787,
            17.4657095
          ],
          [
            78.3512787,
            17.4657095
          ],
          [
            78.3512805,
            17.4657131
          ],
          [
            78.3512805,
            17.4657131
          ],
          [
            78.3512825,
            17.4657165
          ],
          [
            78.3512825,
            17.4657165
          ],
          [
            78.3512849,
            17.4657191
          ],
          [
            78.3512849,
            17.4657191
          ],
          [
            78.3512658,
            17.4656989
          ],
          [
            78.3512658,
            17.4656989
          ],
          [
            78.351261,
            17.4657116
          ],
          [
            78.351261,
            17.4657116
          ],
          [
            78.3512698,
            17.4657173
          ],
          [
            78.3512698,
            17.4657173
          ],
          [
            78.3512691,
            17.4657193
          ],
          [
            78.3512691,
            17.4657193
          ],
          [
            78.3512725,
            17.4657352
          ],
          [
            78.3512725,
            17.4657352
          ],
          [
            78.3512693,
            17.4657284
          ],
          [
            78.3512693,
            17.4657284
          ],
          [
            78.3512693,
            17.4657284
          ],
          [
            78.3512693,
            17.4657284
          ],
          [
            78.3512864,
            17.4657409
          ],
          [
            78.3512864,
            17.4657409
          ],
          [
            78.351287,
            17.4657407
          ],
          [
            78.351287,
            17.4657407
          ],
          [
            78.3512874,
            17.4657404
          ],
          [
            78.3512874,
            17.4657404
          ],
          [
            78.3512905,
            17.4657288
          ],
          [
            78.3512905,
            17.4657288
          ],
          [
            78.3512929,
            17.4657199
          ],
          [
            78.3512929,
            17.4657199
          ],
          [
            78.3512948,
            17.4657129
          ],
          [
            78.3512948,
            17.4657129
          ],
          [
            78.3512955,
            17.4657101
          ],
          [
            78.3512955,
            17.4657101
          ],
          [
            78.351291,
            17.4657197
          ],
          [
            78.351291,
            17.4657197
          ],
          [
            78.3512885,
            17.4657249
          ],
          [
            78.3512885,
            17.4657249
          ],
          [
            78.3513271,
            17.4656964
          ],
          [
            78.3513271,
            17.4656964
          ],
          [
            78.3513563,
            17.4656716
          ],
          [
            78.3513563,
            17.4656716
          ],
          [
            78.3513794,
            17.4656504
          ],
          [
            78.3513794,
            17.4656504
          ],
          [
            78.3513851,
            17.4656454
          ],
          [
            78.3513851,
            17.4656454
          ],
          [
            78.351406,
            17.4656254
          ],
          [
            78.351406,
            17.4656254
          ],
          [
            78.3514113,
            17.4656191
          ],
          [
            78.3514113,
            17.4656191
          ],
          [
            78.3513953,
            17.4656414
          ],
          [
            78.3513953,
            17.4656414
          ],
          [
            78.3513983,
            17.4656416
          ],
          [
            78.3513983,
            17.4656416
          ],
          [
            78.3513885,
            17.4656511
          ],
          [
            78.3513885,
            17.4656511
          ],
          [
            78.3513636,
            17.4656658
          ],
          [
            78.3513636,
            17.4656658
          ],
          [
            78.3513517,
            17.4656733
          ],
          [
            78.3513517,
            17.4656733
          ],
          [
            78.3513528,
            17.4656727
          ],
          [
            78.3513528,
            17.4656727
          ],
          [
            78.3513536,
            17.4656698
          ],
          [
            78.3513536,
            17.4656698
          ],
          [
            78.3512696,
            17.4657592
          ],
          [
            78.3512696,
            17.4657592
          ],
          [
            78.3512533,
            17.4657489
          ],
          [
            78.3512533,
            17.4657489
          ],
          [
            78.3512508,
            17.4657352
          ],
          [
            78.3512508,
            17.4657352
          ],
          [
            78.3512535,
            17.465741
          ],
          [
            78.3512535,
            17.465741
          ],
          [
            78.351248,
            17.4657272
          ],
          [
            78.351248,
            17.4657272
          ],
          [
            78.3512665,
            17.4657387
          ],
          [
            78.3512665,
            17.4657387
          ],
          [
            78.3512638,
            17.4657378
          ],
          [
            78.3512638,
            17.4657378
          ],
          [
            78.3512529,
            17.4657322
          ],
          [
            78.3512529,
            17.4657322
          ],
          [
            78.3512529,
            17.4657322
          ],
          [
            78.3512529,
            17.4657322
          ],
          [
            78.3512683,
            17.4657615
          ],
          [
            78.3512683,
            17.4657615
          ],
          [
            78.3512683,
            17.4657615
          ],
          [
            78.3512683,
            17.4657615
          ],
          [
            78.3512578,
            17.4657534
          ],
          [
            78.3512578,
            17.4657534
          ],
          [
            78.3512578,
            17.4657534
          ],
          [
            78.3512578,
            17.4657534
          ],
          [
            78.3512574,
            17.4657261
          ],
          [
            78.3512574,
            17.4657261
          ],
          [
            78.3512574,
            17.4657261
          ],
          [
            78.3512574,
            17.4657261
          ],
          [
            78.3512502,
            17.4657395
          ],
          [
            78.3512502,
            17.4657395
          ],
          [
            78.3512502,
            17.4657395
          ],
          [
            78.3512502,
            17.4657395
          ],
          [
            78.3512567,
            17.4657552
          ],
          [
            78.3512567,
            17.4657552
          ],
          [
            78.3512567,
            17.4657552
          ],
          [
            78.3512567,
            17.4657552
          ],
          [
            78.3512536,
            17.465729
          ],
          [
            78.3512536,
            17.465729
          ],
          [
            78.3512536,
            17.465729
          ],
          [
            78.3512536,
            17.465729
          ],
          [
            78.3512502,
            17.4657299
          ],
          [
            78.3512502,
            17.4657299
          ],
          [
            78.3512502,
            17.4657299
          ],
          [
            78.3512502,
            17.4657299
          ],
          [
            78.351249,
            17.46573
          ],
          [
            78.351249,
            17.46573
          ],
          [
            78.351249,
            17.46573
          ],
          [
            78.351249,
            17.46573
          ],
          [
            78.3512508,
            17.4657264
          ],
          [
            78.3512508,
            17.4657264
          ],
          [
            78.3512508,
            17.4657264
          ],
          [
            78.3512508,
            17.4657264
          ],
          [
            78.3512542,
            17.4657306
          ],
          [
            78.3512542,
            17.4657306
          ],
          [
            78.3512542,
            17.4657306
          ],
          [
            78.3512542,
            17.4657306
          ],
          [
            78.3512516,
            17.4657268
          ],
          [
            78.3512516,
            17.4657268
          ],
          [
            78.3512516,
            17.4657268
          ],
          [
            78.3512516,
            17.4657268
          ],
          [
            78.3512562,
            17.4657407
          ],
          [
            78.3512562,
            17.4657407
          ],
          [
            78.3512562,
            17.4657407
          ],
          [
            78.3512562,
            17.4657407
          ],
          [
            78.3512557,
            17.4657376
          ],
          [
            78.3512557,
            17.4657376
          ],
          [
            78.3512557,
            17.4657376
          ],
          [
            78.3512557,
            17.4657376
          ],
          [
            78.3512529,
            17.4657267
          ],
          [
            78.3512529,
            17.4657267
          ],
          [
            78.3512529,
            17.4657267
          ],
          [
            78.3512529,
            17.4657267
          ],
          [
            78.3512553,
            17.4657329
          ],
          [
            78.3512553,
            17.4657329
          ]
]
